[35945468,104162495],
[35945337,104162522],
[35945224,104162549],
[35945211,104162538],
[35945085,104162565],
[35944938,104162565],
[35944794,104162554],
[35944712,104162538],
[35944586,104162544],
[35944534,104162554],
[35944464,104162608],
[35944417,104162645],
[35944373,104162699],
[35944334,104162806],
[35944308,104162914],
[35944317,104162957],
[35944317,104163053],
[35944365,104163155],
[35944395,104163214],
[35944477,104163289],
[35944551,104163337],
[35944603,104163354],
[3594466,104163354],
[35944725,104163332],
[35944738,104163332],
[35944799,104163316],
[35944847,104163343],
[35944933,104163327],
[35945007,104163343],
[35945103,104163337],
[35945181,104163321],
[35945177,104163327],
[35945207,104163311],
[35945255,104163321],
[35945363,104163327],
[35945424,104163311],
[35945481,104163343],
[35945528,104163289],
[35945594,104163236],
[3594562,104163246],
[35945689,104163134],
[35945698,104163085],
[35945724,104162983],
[35945715,104162887],
[35945693,104162801],
[35945685,104162785],
[35945667,104162678],
[35945637,104162619],
[35945598,10416256],
[35945572,10416257],
[35945546,104162538],
[35945489,104162517],
[35945455,10416249],